# Camera parameter file. 

# The format of each camera is as follows:
# Filename (of the undistorted image in visualize folder)
# Original filename
# Focal Length (of the undistorted image)
# 2-vec Principal Point (image center)
# 3-vec Translation T (as in P = K[R T])
# 3-vec Camera Position C (as in P = K[R -RC])
# 3-vec Axis Angle format of R
# 4-vec Quaternion format of R
# 3x3 Matrix format of R
# [Normalized radial distortion] = [radial distortion] * [focal length]^2
# 3-vec Lat/Lng/Alt from EXIF

# The nubmer of cameras in this reconstruction
677

00000000.jpg
C:\Users\Keane\Desktop\var\var_extensions\maze_pipeline\notebooks\session_1\vsfm_matches_full\frame_0175.jpg
284.03213501
320 200
-1.65070143355 -2.31995490204 -4.0532637687
-1.73693405798 -0.00128074523126 -4.63885414343
0.0592457866962 3.00069486085 -0.824401235867
0.0146359247572 0.0190338543004 0.964031232707 -0.264854834135
-0.99884983079 0.0444159731251 0.0181462853124
0.0289103914292 0.85899223741 -0.511175911644
-0.0382916690296 -0.510061599407 -0.859285565446
-0.00464681074368
0 0 0

00000001.jpg
C:\Users\Keane\Desktop\var\var_extensions\maze_pipeline\notebooks\session_1\vsfm_matches_full\frame_0179.jpg
284.014099121
320 200
-1.97701775732 -2.30744738059 -4.14429986416
-1.72061303806 -0.00627242341208 -4.84226159636
-0.0931553807795 -2.99060261095 0.808345326569
0.0198411952394 -0.0300257302385 -0.963927434956 0.260544892974
-0.997405862516 0.0476883863021 -0.0539349935112
0.0683664746626 0.862206424922 -0.501932351992
0.0225668962231 -0.504315337496 -0.863225870292
-0.00297452435477
0 0 0

00000002.jpg
C:\Users\Keane\Desktop\var\var_extensions\maze_pipeline\notebooks\session_1\vsfm_matches_full\frame_0178.jpg
283.900695801
320 200
-1.95443399582 -2.30024179653 -4.1140263681
-1.72193329555 -0.00471160376856 -4.80323095189
-0.0962446799099 -2.99376681776 0.813559498925
0.0171748175165 -0.0309697489826 -0.963338513309 0.261788324172
-0.997485925416 0.0508648172407 -0.0493562408808
0.0688494840232 0.860712696578 -0.504421165025
0.01682441181 -0.506548764174 -0.862046873735
-0.00387256658898
0 0 0

00000003.jpg
C:\Users\Keane\Desktop\var\var_extensions\maze_pipeline\notebooks\session_1\vsfm_matches_full\frame_0177.jpg
283.78717041
320 200
-1.92159432935 -2.28833441238 -4.09410701479
-1.72541221882 -0.00484230208385 -4.76587585948
-0.098435286442 -3.00338666929 0.817893900766
0.0132045546958 -0.0315958040097 -0.964028449536 0.262527964548
-0.997652649567 0.054059759232 -0.0420686642397
0.0679260187002 0.860084622385 -0.505615264776
0.00884960132099 -0.507284098864 -0.861734531759
-0.00395917994272
0 0 0

00000004.jpg
C:\Users\Keane\Desktop\var\var_extensions\maze_pipeline\notebooks\session_1\vsfm_matches_full\frame_0180.jpg
284.158447266
320 200
-1.978454759 -2.35012366415 -4.16504661011
-1.71883061809 -0.00190215251083 -4.8816531399
-0.11135879387 -2.99038299173 0.822998970019
0.0183385647796 -0.0358593140514 -0.962951187847 0.265018841389
-0.996752453809 0.0594332543681 -0.0543502715673
0.0788735151306 0.856836638383 -0.509524876019
0.0162862993845 -0.512155309433 -0.858738972742
-0.00363685109864
0 0 0

00000005.jpg
C:\Users\Keane\Desktop\var\var_extensions\maze_pipeline\notebooks\session_1\vsfm_matches_full\frame_0176.jpg
283.894195557
320 200
-1.78602590308 -2.30423270038 -4.07301259963
-1.73010736177 -0.000653980197842 -4.70058019088
0.0842104984681 3.02894410917 -0.829472129692
0.000808190049068 0.0298859068936 1.06567949798 -0.29183763258
-0.99856343602 0.0521594848932 -0.0124320956402
0.0512160438108 0.859142888338 -0.509172000064
-0.0158771819033 -0.509075386094 -0.860576839634
-0.00498893432178
0 0 0

00000006.jpg
C:\Users\Keane\Desktop\var\var_extensions\maze_pipeline\notebooks\session_1\vsfm_matches_full\frame_0174.jpg
284.245574951
320 200
-1.6019204779 -2.31312997093 -4.05612712449
-1.73774044675 0.00253925782428 -4.6205039503
0.0587212244987 2.99158148774 -0.819262157427
0.0201361281574 0.018930443372 0.964420691663 -0.264112269633
-0.998473664837 0.0471252149905 0.0288469091263
0.0258524209535 0.859863383035 -0.509873247375
-0.0488318854536 -0.50834850404 -0.85976786357
-0.00494183236995
0 0 0

00000007.jpg
C:\Users\Keane\Desktop\var\var_extensions\maze_pipeline\notebooks\session_1\vsfm_matches_full\frame_0181.jpg
284.218261719
320 200
-2.10362109965 -2.37512523865 -4.19057564482
-1.71149284655 -0.00621209534975 -4.96971476782
-0.106680490831 -2.96448981423 0.815100632201
0.0322706682708 -0.0346517836113 -0.962920762366 0.264759662319
-0.9955147772 0.0496960732793 -0.0805103341509
0.0838719582161 0.857341736225 -0.507875703474
0.0437860518227 -0.51234864833 -0.857661374902
-0.00332198293476
0 0 0

00000008.jpg
C:\Users\Keane\Desktop\var\var_extensions\maze_pipeline\notebooks\session_1\vsfm_matches_full\frame_0182.jpg
284.516326904
320 200
-2.03030006051 -2.38943174619 -4.2611439961
-1.71286043206 -0.000518797220367 -5.00548439948
-0.104001148713 -2.98301962204 0.811360431288
0.0243575396129 -0.0336160912296 -0.964195693939 0.262254471376
-0.996554233821 0.0520517374239 -0.0646028882486
0.0776032321247 0.860209504978 -0.504007469578
0.0293388509904 -0.507282690673 -0.861282112213
-0.00332776505689
0 0 0

00000009.jpg
C:\Users\Keane\Desktop\var\var_extensions\maze_pipeline\notebooks\session_1\vsfm_matches_full\frame_0183.jpg
285.018249512
320 200
-1.87381954836 -2.54134157624 -4.33053171229
-1.71174806116 -0.00512925602892 -5.07867384872
-0.0977672003385 -3.01205562475 0.852455591459
0.00812772608612 -0.031281097154 -0.963722028499 0.272747363979
-0.997918326692 0.0556494302603 -0.0326699907418
0.0645166937208 0.849891660352 -0.522998186667
-0.00133851605858 -0.524015163425 -0.851709093935
-0.00370458979081
0 0 0

00000010.jpg
C:\Users\Keane\Desktop\var\var_extensions\maze_pipeline\notebooks\session_1\vsfm_matches_full\frame_0184.jpg
285.222869873
320 200
-1.68062533802 -2.6609830402 -4.43538246352
-1.71476523096 -0.00410820319368 -5.16114222083
0.0829232341894 2.99926309984 -0.862254467639
0.0107607197598 0.0265758178039 0.961224805888 -0.276341339753
-0.998360991487 0.0569487605872 0.00602491071076
0.0450542337268 0.846037710013 -0.531222750937
-0.0353489723384 -0.530078851225 -0.847213546166
-0.00438817217325
0 0 0

00000011.jpg
C:\Users\Keane\Desktop\var\var_extensions\maze_pipeline\notebooks\session_1\vsfm_matches_full\frame_0185.jpg
285.462371826
320 200
-1.6400367916 -2.70083148835 -4.48332136659
-1.71526759556 -0.00408908621659 -5.20981170731
0.0739908533877 2.99485616765 -0.861350712354
0.0140441223374 0.0237621561986 0.961797800535 -0.276622707154
-0.998478617931 0.0533798330243 0.0138974220035
0.0378401404621 0.846191552878 -0.531535065158
-0.0401330018946 -0.530200190644 -0.846923985458
-0.00364057847367
0 0 0

00000012.jpg
C:\Users\Keane\Desktop\var\var_extensions\maze_pipeline\notebooks\session_1\vsfm_matches_full\frame_0186.jpg
285.556945801
320 200
-1.69640567607 -2.6443203857 -4.61127071145
-1.71202103505 0.0055240505857 -5.31063932759
0.0785516906689 3.01772826389 -0.829569847857
0.0081990703921 0.0251341331272 0.965580540412 -0.265436922068
-0.998609840959 0.0526879228975 0.00254704328103
0.0439825788627 0.858329947715 -0.511214914132
-0.0291204079993 -0.510390608025 -0.859451207735
-0.00449537741471
0 0 0

00000013.jpg
C:\Users\Keane\Desktop\var\var_extensions\maze_pipeline\notebooks\session_1\vsfm_matches_full\frame_0187.jpg
285.431915283
320 200
-1.87797309214 -2.56750627971 -4.74469925218
-1.70536072391 0.00569116808423 -5.45184879037
-0.109757014586 -3.01908822886 0.797147429349
0.00749158085876 -0.0351031811804 -0.965583853539 0.25494872237
-0.9974176603 0.0641066002698 -0.0324020995971
0.0717464761437 0.867364619457 -0.492479466619
-0.00346710153825 -0.4935313799 -0.869722464022
-0.00455944464759
0 0 0

00000014.jpg
C:\Users\Keane\Desktop\var\var_extensions\maze_pipeline\notebooks\session_1\vsfm_matches_full\frame_0188.jpg
285.598266602
320 200
-1.90062659679 -2.62442778847 -4.80974237919
-1.70084064991 0.00267637505547 -5.54442051763
-0.101102965424 -3.01778711944 0.799297397808
0.0104226774049 -0.0323952810989 -0.966955436184 0.256109835899
-0.997688538466 0.0571801458918 -0.0367151695022
0.0678575466909 0.866958116361 -0.493743638042
0.00359788880272 -0.495094220299 -0.868835049078
-0.00415439847677
0 0 0

00000015.jpg
C:\Users\Keane\Desktop\var\var_extensions\maze_pipeline\notebooks\session_1\vsfm_matches_full\frame_0189.jpg
285.680114746
320 200
-1.88815550175 -2.65088471788 -4.85265892208
-1.69884779788 0.0029918002699 -5.5905601642
-0.0879545629573 -3.02881361784 0.798148507333
0.0103488883724 -0.0281809758962 -0.970443382225 0.255729811967
-0.998212242058 0.0489457686422 -0.0343790945642
0.0595318457524 0.868674225615 -0.491797115568
0.00579294637312 -0.492963682663 -0.870033585595
-0.00395713943519
0 0 0

00000016.jpg
C:\Users\Keane\Desktop\var\var_extensions\maze_pipeline\notebooks\session_1\vsfm_matches_full\frame_0190.jpg
285.980957031
320 200
-1.92892202037 -2.80059382846 -4.85514382456
-1.69328465677 0.000341412679998 -5.68059259529
-0.0987971431687 -3.00322342566 0.832182263995
0.0131084667107 -0.0317100366817 -0.96391780103 0.267098109022
-0.997649208789 0.0540146632875 -0.0421786067178
0.06801964997 0.855550116721 -0.513234898216
0.00836333090889 -0.514897578057 -0.857213580334
-0.00346832256632
0 0 0

00000017.jpg
C:\Users\Keane\Desktop\var\var_extensions\maze_pipeline\notebooks\session_1\vsfm_matches_full\frame_0191.jpg
286.100311279
320 200
-1.94907503898 -2.77001350986 -4.91222995342
-1.69027268759 0.00487517311467 -5.72229878248
-0.106622211349 -3.00066853618 0.816727070099
0.0145264055469 -0.0342520904568 -0.96395646678 0.262371312034
-0.997229373986 0.0584734849849 -0.0459955704011
0.0737187333148 0.859900420644 -0.505116250969
0.0100157198629 -0.507106489997 -0.861826980825
-0.00342952042358
0 0 0

00000018.jpg
C:\Users\Keane\Desktop\var\var_extensions\maze_pipeline\notebooks\session_1\vsfm_matches_full\frame_0192.jpg
286.157897949
320 200
-1.95535015082 -2.82947211177 -4.92837706211
-1.68937887009 0.00353121643271 -5.76750442841
-0.110971621407 -2.99440779372 0.82899092674
0.014506547561 -0.035648881758 -0.961933222387 0.266307720398
-0.997029975845 0.0610468916619 -0.0469480709295
0.0764997141092 0.855292410718 -0.512472756012
0.00886924923471 -0.514541324807 -0.857420675185
-0.00252409788024
0 0 0

00000019.jpg
C:\Users\Keane\Desktop\var\var_extensions\maze_pipeline\notebooks\session_1\vsfm_matches_full\frame_0193.jpg
286.174560547
320 200
-2.04220169962 -2.78534641506 -4.96751958405
-1.68055259058 0.00287968070846 -5.81211300559
-0.107658541407 -2.98454149117 0.807578661269
0.0233630027903 -0.0347767176667 -0.964090312269 0.260870477434
-0.99648721757 0.0549379215632 -0.0632118337381
0.079316792332 0.861378185956 -0.501738689345
0.0268843448846 -0.504988643552 -0.862707648789
-0.00329755853897
0 0 0

00000020.jpg
C:\Users\Keane\Desktop\var\var_extensions\maze_pipeline\notebooks\session_1\vsfm_matches_full\frame_0194.jpg
286.34362793
320 200
-2.17711061279 -2.82747363161 -4.98913124169
-1.67130723099 0.00487824656976 -5.90190134712
-0.122665136896 -2.96132692185 0.810827566038
0.0343568178598 -0.0398952441653 -0.963133157394 0.263711145168
-0.994455651909 0.0587331416899 -0.0872232770144
0.0949742448185 0.857724503828 -0.505264389682
0.0451374848389 -0.510747084231 -0.858547288185
-0.00299149233535
0 0 0

00000021.jpg
C:\Users\Keane\Desktop\var\var_extensions\maze_pipeline\notebooks\session_1\vsfm_matches_full\frame_0195.jpg
286.545410156
320 200
-2.19022904595 -2.79545477284 -5.04976843082
-1.66815327721 0.00627248689113 -5.94381288226
-0.122047972483 -2.96326687774 0.794652168644
0.0356764129322 -0.0397268241372 -0.964548445405 0.2586606423
-0.99429874355 0.0581767367161 -0.089373847408
0.095089072252 0.863051396216 -0.496089715504
0.0482726671174 -0.501758957834 -0.863661426907
-0.0020979441923
0 0 0

00000022.jpg
C:\Users\Keane\Desktop\var\var_extensions\maze_pipeline\notebooks\session_1\vsfm_matches_full\frame_0196.jpg
286.677032471
320 200
-2.20277952777 -2.82554977512 -5.07743408225
-1.66442991164 0.00725734252204 -5.98714292867
-0.120200062734 -2.9605078846 0.796094290168
0.0368909320256 -0.0391545979234 -0.964371342525 0.25932392323
-0.994212851819 0.0563758081078 -0.0914581105947
0.0946426130057 0.862458383821 -0.497201528456
0.0508481199833 -0.502979326898 -0.862801768539
-0.00154103577253
0 0 0

00000023.jpg
C:\Users\Keane\Desktop\var\var_extensions\maze_pipeline\notebooks\session_1\vsfm_matches_full\frame_0197.jpg
286.990997314
320 200
-2.10989282191 -2.8977538446 -5.16518450881
-1.65885264046 0.0086179980101 -6.06430266908
-0.119530667241 -2.97445000028 0.805395541962
0.0286989755962 -0.0387400113765 -0.964022284067 0.261029518017
-0.995350412219 0.0597318633201 -0.0755632458249
0.0896969823899 0.860701469311 -0.50115084338
0.0351025621936 -0.505598037945 -0.862056532291
-0.00222699999964
0 0 0

00000024.jpg
C:\Users\Keane\Desktop\var\var_extensions\maze_pipeline\notebooks\session_1\vsfm_matches_full\frame_0198.jpg
287.399536133
320 200
-1.85199296593 -3.00897829432 -5.27826177988
-1.66071436041 0.0116429971896 -6.13071612814
-0.0994013149174 -3.00805566326 0.820924582685
0.00773089533207 -0.0317959655825 -0.962200896624 0.262593002905
-0.997845431549 0.057489636592 -0.0316745014033
0.0656099526735 0.859482616002 -0.506944158931
-0.00191980372236 -0.507927404058 -0.861398117483
-0.00296990019947
0 0 0

00000025.jpg
C:\Users\Keane\Desktop\var\var_extensions\maze_pipeline\notebooks\session_1\vsfm_matches_full\frame_0199.jpg
287.778778076
320 200
-1.66077947109 -3.07083264098 -5.33863223627
-1.66209555136 0.0142819950337 -6.15843694853
0.0821030263816 3.00752394684 -0.823267305488
0.00718708702878 0.0262536530967 0.961700120692 -0.263251858021
-0.998512961287 0.0545067155481 -6.12258458495e-005
0.0469386594917 0.859301787102 -0.509313752899
-0.0277085156979 -0.508559003741 -0.860582208935
-0.00330459089597
0 0 0

00000026.jpg
C:\Users\Keane\Desktop\var\var_extensions\maze_pipeline\notebooks\session_1\vsfm_matches_full\frame_0200.jpg
288.250213623
320 200
-1.47900434582 -3.1064327458 -5.39811639608
-1.66326632639 0.0190463556758 -6.18143209037
0.0760732879739 2.98831091577 -0.817395659365
0.0219549927341 0.0245522366406 0.964460965386 -0.26380996789
-0.99783238744 0.0588995379073 0.0294071798373
0.0357317541945 0.859725383728 -0.50950806995
-0.0552917541122 -0.507351893242 -0.859964909464
-0.00376056878955
0 0 0

00000027.jpg
C:\Users\Keane\Desktop\var\var_extensions\maze_pipeline\notebooks\session_1\vsfm_matches_full\frame_0201.jpg
288.394104004
320 200
-1.29790876386 -3.13233074207 -5.45700651991
-1.67069886351 0.0219420130735 -6.2034815796
0.0596254014767 2.96151794651 -0.805151696823
0.0360727776955 0.019412909631 0.964214560275 -0.262142253847
-0.996645588617 0.0563365556078 0.0593895574723
0.0185117586173 0.861827094231 -0.506868289112
-0.079738032462 -0.504067178818 -0.859976524452
-0.00406754530749
0 0 0

00000028.jpg
C:\Users\Keane\Desktop\var\var_extensions\maze_pipeline\notebooks\session_1\vsfm_matches_full\frame_0202.jpg
288.049102783
320 200
-0.46165624371 -3.24506272618 -5.58221529291
-1.69442440527 0.0182163157512 -6.24764337781
0.0121437704286 2.83489682126 -0.775490936761
0.101130330646 0.00411077599328 0.959638183605 -0.262510687647
-0.979512543526 0.0609853120418 0.191938715207
-0.0452058585172 0.86215331869 -0.504631805709
-0.196255392026 -0.502968909168 -0.841731400057
-0.0049084654309
0 0 0

00000029.jpg
C:\Users\Keane\Desktop\var\var_extensions\maze_pipeline\notebooks\session_1\vsfm_matches_full\frame_0203.jpg
289.099334717
320 200
0.0221438112203 -3.31171480558 -5.56679150406
-1.70359289474 0.0275337042244 -6.24932040699
-0.018479225341 2.76151028831 -0.764906782266
0.137601721051 -0.00638749243461 0.954538177284 -0.264396163515
-0.962049981151 0.0605698524607 0.26606941677
-0.0849556160955 0.860111556489 -0.502983166125
-0.259314967244 -0.506498885934 -0.822324640793
-0.00389325574215
0 0 0

00000030.jpg
C:\Users\Keane\Desktop\var\var_extensions\maze_pipeline\notebooks\session_1\vsfm_matches_full\frame_0204.jpg
288.847686768
320 200
0.49983831326 -3.31240601116 -5.55981518071
-1.71570863656 0.0249958919982 -6.2601167566
-0.0464750984734 2.69198689613 -0.743926613914
0.173284841244 -0.0163865645034 0.949162419543 -0.262299636689
-0.939408032755 0.0597989084813 0.337546981554
-0.122011295127 0.861862664517 -0.492247552576
-0.320354855186 -0.50360572549 -0.802344086942
-0.002827063426
0 0 0

00000031.jpg
C:\Users\Keane\Desktop\var\var_extensions\maze_pipeline\notebooks\session_1\vsfm_matches_full\frame_0205.jpg
288.327148438
320 200
0.748971127842 -3.32397916587 -5.5339778552
-1.72493856022 0.0208674173321 -6.26568692533
-0.0606226274608 2.65372714477 -0.737848437721
0.192066084418 -0.0215944421955 0.945286600574 -0.26282967441
-0.925291286434 0.0601323569123 0.374467569509
-0.141790308819 0.860911067252 -0.488603187597
-0.351762414592 -0.505193427428 -0.788062257684
-0.00373223910719
0 0 0

00000032.jpg
C:\Users\Keane\Desktop\var\var_extensions\maze_pipeline\notebooks\session_1\vsfm_matches_full\frame_0206.jpg
288.609771729
320 200
1.01426610671 -3.30299328394 -5.50658085357
-1.7328443847 0.0218425826481 -6.26558707834
-0.0750217840474 2.6147427972 -0.724205141184
0.212062592826 -0.0270116008808 0.941438406732 -0.260750133816
-0.908599164591 0.0597314363154 0.413374153685
-0.161449961511 0.862560598821 -0.479505756762
-0.385201324384 -0.502418357238 -0.774079261126
-0.00270831890157
0 0 0

00000033.jpg
C:\Users\Keane\Desktop\var\var_extensions\maze_pipeline\notebooks\session_1\vsfm_matches_full\frame_0207.jpg
288.285369873
320 200
1.57634548505 -3.29656936585 -5.38326922733
-1.74476343668 0.0201230657387 -6.26794246255
-0.103437517613 2.5275308626 -0.709274406565
0.254371094692 -0.0380767330794 0.93041790084 -0.261093391277
-0.867691468569 0.0619744339503 0.493225483133
-0.203684013074 0.860763006902 -0.466479674008
-0.453460196698 -0.505222155111 -0.734252923074
-0.00245562509902
0 0 0

00000034.jpg
C:\Users\Keane\Desktop\var\var_extensions\maze_pipeline\notebooks\session_1\vsfm_matches_full\frame_0208.jpg
288.068481445
320 200
1.75588066637 -3.25359583745 -5.35600197382
-1.75232601482 0.0187510488227 -6.26775297453
-0.110988410817 2.50099121704 -0.696051806537
0.2682647903 -0.0411483006618 0.927227787058 -0.258057114258
-0.85268189642 0.0621485790728 0.518722211944
-0.214761971495 0.863428147925 -0.456475020007
-0.476248059477 -0.500629581 -0.722882260646
-0.00264516147858
0 0 0

00000035.jpg
C:\Users\Keane\Desktop\var\var_extensions\maze_pipeline\notebooks\session_1\vsfm_matches_full\frame_0209.jpg
287.945068359
320 200
1.84815870313 -3.27005134912 -5.32460859392
-1.75780967386 0.020187988925 -6.27455998541
-0.118296173835 2.48572696875 -0.697374655247
0.274999751001 -0.0440081163462 0.924731190359 -0.259434806469
-0.844877170219 0.0612964679634 0.531436375831
-0.224081560757 0.861513999942 -0.455612247783
-0.485767012537 -0.504021131932 -0.714137377519
-0.0029251486818
0 0 0

00000036.jpg
C:\Users\Keane\Desktop\var\var_extensions\maze_pipeline\notebooks\session_1\vsfm_matches_full\frame_0210.jpg
288.230773926
320 200
1.84371005299 -3.27835086926 -5.33490627714
-1.76012929824 0.0205193614464 -6.28566318629
-0.117083155038 2.48677283898 -0.698011113249
0.274463813724 -0.0435450080071 0.924868681158 -0.25960096058
-0.845546236926 0.0619558362044 0.530294410156
-0.223048442544 0.861422579851 -0.456289311777
-0.485077531541 -0.504095427642 -0.71455480275
-0.00324363366526
0 0 0

00000037.jpg
C:\Users\Keane\Desktop\var\var_extensions\maze_pipeline\notebooks\session_1\vsfm_matches_full\frame_0211.jpg
288.033813477
320 200
1.79691813952 -3.27897995759 -5.37204051843
-1.77175256123 0.0174263531762 -6.3007864219
-0.1168163894 2.49469118552 -0.697305412154
0.270895375741 -0.0433670663971 0.926132358984 -0.258868556573
-0.849470477229 0.0599243817106 0.524222482007
-0.220580797891 0.862215366575 -0.45599706165
-0.479317411484 -0.502988812636 -0.719207670956
-0.00277254843061
0 0 0

00000038.jpg
C:\Users\Keane\Desktop\var\var_extensions\maze_pipeline\notebooks\session_1\vsfm_matches_full\frame_0212.jpg
288.168121338
320 200
1.67280357262 -3.31258408327 -5.48103450182
-1.81019872693 0.0210361310266 -6.36677922187
-0.111092702976 2.51492435844 -0.697409481751
0.261623683147 -0.0410473843549 0.929233549992 -0.257684206823
-0.859736415297 0.0585491390256 0.507372546129
-0.211116026086 0.863830590679 -0.457413452962
-0.465065469282 -0.500369324476 -0.730306369048
-0.00268546232567
0 0 0

00000039.jpg
C:\Users\Keane\Desktop\var\var_extensions\maze_pipeline\notebooks\session_1\vsfm_matches_full\frame_0213.jpg
288.357299805
320 200
1.60672403383 -3.32412614244 -5.53277752176
-1.8268426294 0.0218393898872 -6.39571114267
-0.106156713769 2.52525592755 -0.697136994589
0.256954160539 -0.0391296936864 0.930817160937 -0.256966856709
-0.8648881331 0.059213179916 0.498463994644
-0.204901631892 0.864877077821 -0.458262522083
-0.458245374171 -0.498480672456 -0.735887182248
-0.00226515071925
0 0 0

00000040.jpg
C:\Users\Keane\Desktop\var\var_extensions\maze_pipeline\notebooks\session_1\vsfm_matches_full\frame_0214.jpg
288.207824707
320 200
1.61534289538 -3.34154095271 -5.56186777566
-1.84809927575 0.0167537660797 -6.42602182143
-0.11907592091 2.52523095306 -0.698047638103
0.256575359332 -0.043883203848 0.930626644158 -0.257252403042
-0.8644871317 0.0503307735854 0.50012966913
-0.213687737413 0.863791831408 -0.456293662729
-0.454973793387 -0.501331057912 -0.735981039642
-0.00227543715618
0 0 0

00000041.jpg
C:\Users\Keane\Desktop\var\var_extensions\maze_pipeline\notebooks\session_1\vsfm_matches_full\frame_0215.jpg
288.709503174
320 200
1.38181485131 -3.58977702313 -5.82688022975
-1.99501517896 0.0231818614391 -6.69086511103
-0.102245039367 2.5527276581 -0.722320432142
0.240948366638 -0.0373770885548 0.933184908764 -0.264054226242
-0.881094904458 0.0574885708919 0.469437837974
-0.197005167176 0.857759143076 -0.474806204872
-0.429959680179 -0.51082999862 -0.744439777076
-0.00126735173887
0 0 0

00000042.jpg
C:\Users\Keane\Desktop\var\var_extensions\maze_pipeline\notebooks\session_1\vsfm_matches_full\frame_0217.jpg
288.240112305
320 200
1.3553399242 -3.58776429797 -5.94128070762
-2.04122892617 0.0207202262438 -6.77056568725
-0.0934397889835 2.55775274416 -0.712679704925
0.240020982925 -0.034141720866 0.93457060622 -0.260404179173
-0.88244895052 0.0611903950493 0.466414221879
-0.188819473123 0.862049375754 -0.470341595755
-0.430852000193 -0.503120513359 -0.749160136256
-0.000718915747727
0 0 0

00000043.jpg
C:\Users\Keane\Desktop\var\var_extensions\maze_pipeline\notebooks\session_1\vsfm_matches_full\frame_0216.jpg
288.531036377
320 200
1.39484540669 -3.57680353939 -5.8855642793
-2.01928764639 0.022574437436 -6.73059221148
-0.10045770482 2.55244337292 -0.71409974787
0.242185043064 -0.0367473340411 0.933681387742 -0.261217016859
-0.879992166756 0.0579040594428 0.471445865357
-0.195147358466 0.86083026791 -0.469990162945
-0.433048803036 -0.505588781653 -0.746223720819
-0.000647357030993
0 0 0

00000044.jpg
C:\Users\Keane\Desktop\var\var_extensions\maze_pipeline\notebooks\session_1\vsfm_matches_full\frame_0218.jpg
287.620788574
320 200
1.95677888954 -3.62693911976 -5.95758353653
-2.14426811497 0.0134312157187 -6.91941390011
-0.121666953839 2.47365241058 -0.692380463021
0.281154427324 -0.04540335402 0.923111104339 -0.258380721199
-0.837782359266 0.0614656892942 0.542536478222
-0.229113845507 0.862358955463 -0.451494175965
-0.495610617364 -0.502555591957 -0.708385348182
0.000805194042868
0 0 0

00000045.jpg
C:\Users\Keane\Desktop\var\var_extensions\maze_pipeline\notebooks\session_1\vsfm_matches_full\frame_0219.jpg
287.106750488
320 200
2.64131829858 -3.54871983218 -5.7911587336
-2.18130512886 0.0107292292685 -6.95336000539
-0.151616018971 2.3782377571 -0.665693566586
0.327489966435 -0.057897200314 0.908171239108 -0.254206607151
-0.778797546374 0.061337914828 0.624269631662
-0.271662538146 0.864056467375 -0.423805222537
-0.565398242789 -0.499648231287 -0.656260208539
-0.00196379868362
0 0 0

00000046.jpg
C:\Users\Keane\Desktop\var\var_extensions\maze_pipeline\notebooks\session_1\vsfm_matches_full\frame_0221.jpg
286.769439697
320 200
4.46820604335 -3.1198863892 -4.88598066252
-2.2585686796 0.00978463220088 -6.96205265768
-0.238913826994 2.09598548303 -0.594753227137
0.457247541594 -0.0969412250782 0.850463127343 -0.241325950796
-0.563054024781 0.0558009607154 0.824533869934
-0.385581830183 0.864728490454 -0.321824956526
-0.730954826843 -0.499129503911 -0.465373208497
-0.00140135984249
0 0 0

00000047.jpg
C:\Users\Keane\Desktop\var\var_extensions\maze_pipeline\notebooks\session_1\vsfm_matches_full\frame_0222.jpg
286.816619873
320 200
4.48562912297 -3.15605570908 -4.902793205
-2.30269228513 0.00804592653209 -6.98687657528
-0.239685894406 2.09116018354 -0.597680899204
0.458907102388 -0.0973267798655 0.849135854869 -0.242694120364
-0.55986443164 0.0574600428459 0.826590664296
-0.388036179326 0.863255983905 -0.322831249997
-0.732107234473 -0.501487052129 -0.461008637776
-8.25636934242e-005
0 0 0

00000048.jpg
C:\Users\Keane\Desktop\var\var_extensions\maze_pipeline\notebooks\session_1\vsfm_matches_full\frame_0223.jpg
286.716949463
320 200
4.54373745703 -3.14970569504 -4.87770806095
-2.32290493126 0.00531172520598 -6.99730032857
-0.243562464206 2.08088826424 -0.596551771597
0.463208244631 -0.099091155749 0.846590314151 -0.242701619497
-0.551239329402 0.0570625943219 0.832394901022
-0.392622970224 0.862556743821 -0.319137108902
-0.736195552335 -0.502736470154 -0.453069902843
0.000205184471486
0 0 0

00000049.jpg
C:\Users\Keane\Desktop\var\var_extensions\maze_pipeline\notebooks\session_1\vsfm_matches_full\frame_0224.jpg
286.768249512
320 200
4.55771894053 -3.15302942535 -4.93271626632
-2.37613526102 0.00764098833288 -7.02850780673
-0.240643765792 2.07913202944 -0.590630112106
0.464810718095 -0.0979737049658 0.846480553388 -0.240464240397
-0.548704786097 0.0576752027037 0.834025740229
-0.389406222316 0.865157305829 -0.316018274979
-0.739787195267 -0.498175187617 -0.452256505107
0.00129498259225
0 0 0

00000050.jpg
C:\Users\Keane\Desktop\var\var_extensions\maze_pipeline\notebooks\session_1\vsfm_matches_full\frame_0225.jpg
286.687133789
320 200
4.53154449265 -3.21054858106 -4.96754639237
-2.40784271326 0.00792121235942 -7.05132255576
-0.245057290121 2.08244577116 -0.598203506236
0.462274327561 -0.0996577608755 0.846870879035 -0.24327218321
-0.552740808765 0.0561226943832 0.831461323003
-0.393711245248 0.861774167111 -0.319901339648
-0.734485341545 -0.504178237228 -0.454243142658
0.000566986834652
0 0 0

00000051.jpg
C:\Users\Keane\Desktop\var\var_extensions\maze_pipeline\notebooks\session_1\vsfm_matches_full\frame_0226.jpg
286.845581055
320 200
4.44536574643 -3.30553746973 -5.08031961508
-2.47672776593 0.00854247521627 -7.09670640779
-0.235372104186 2.09410108777 -0.605040239882
0.456966794116 -0.0954921321697 0.849591664831 -0.245469116889
-0.564125948404 0.0620829461103 0.823351305888
-0.386601995487 0.861253369355 -0.329825161573
-0.729589411656 -0.504372095577 -0.46185281725
0.0010656033804
0 0 0

00000052.jpg
C:\Users\Keane\Desktop\var\var_extensions\maze_pipeline\notebooks\session_1\vsfm_matches_full\frame_0227.jpg
286.640289307
320 200
4.33747753389 -3.34455387883 -5.20217316557
-2.51394913655 0.00532604177761 -7.12336660278
-0.237305773494 2.11276884913 -0.607500507762
0.44862328231 -0.0959164757112 0.853958751265 -0.245545259348
-0.579074450338 0.0564971662189 0.813315174924
-0.384132114597 0.861016133186 -0.333308617332
-0.719107936875 -0.505430073977 -0.476890285127
0.00100235682191
0 0 0

00000053.jpg
C:\Users\Keane\Desktop\var\var_extensions\maze_pipeline\notebooks\session_1\vsfm_matches_full\frame_0228.jpg
286.567047119
320 200
4.12372453053 -3.4860696806 -5.38673401817
-2.58218978844 0.0028196756194 -7.17683322115
-0.232846123644 2.14414809829 -0.623037357624
0.433456879265 -0.0934700876578 0.860713107704 -0.250102323027
-0.606756164153 0.055915637921 0.792918212015
-0.377718651823 0.857424890008 -0.349501053962
-0.699409858414 -0.511562063965 -0.499129261128
0.000565625233608
0 0 0

00000054.jpg
C:\Users\Keane\Desktop\var\var_extensions\maze_pipeline\notebooks\session_1\vsfm_matches_full\frame_0229.jpg
286.543701172
320 200
4.02287218851 -3.46642848582 -5.53227851516
-2.61892366127 0.00609324603945 -7.20742267664
-0.230891951724 2.16397849122 -0.613221420901
0.426204265451 -0.0923796604307 0.865805831278 -0.245349334217
-0.619632702816 0.0491715182773 0.78335110936
-0.369104212799 0.86254048983 -0.346103894546
-0.692689444012 -0.503594315812 -0.516307483458
0.00107012443764
0 0 0

00000055.jpg
C:\Users\Keane\Desktop\var\var_extensions\maze_pipeline\notebooks\session_1\vsfm_matches_full\frame_0230.jpg
286.464904785
320 200
3.90593720906 -3.56022637637 -5.60839424362
-2.65337021803 0.00396057648285 -7.23500192617
-0.224376277001 2.17839043146 -0.625066003723
0.418786466022 -0.0894681912991 0.868615231748 -0.24923991762
-0.633227400448 0.0533282014561 0.772126283044
-0.36418501571 0.859750469757 -0.358051541766
-0.682930929901 -0.507923812388 -0.524994652817
-0.0001330360425
0 0 0

00000056.jpg
C:\Users\Keane\Desktop\var\var_extensions\maze_pipeline\notebooks\session_1\vsfm_matches_full\frame_0232.jpg
286.07131958
320 200
3.47509988823 -3.72481076534 -5.90130268982
-2.72096626164 0.00622401352904 -7.30562890824
-0.201893003525 2.23906586045 -0.641966298496
0.391065741102 -0.0794754820343 0.881411616345 -0.252710991129
-0.681503061135 0.0575508011658 0.729547721174
-0.337755642955 0.859642380251 -0.383326153784
-0.649211826672 -0.507646706909 -0.566409663662
-0.00108110869958
0 0 0

00000057.jpg
C:\Users\Keane\Desktop\var\var_extensions\maze_pipeline\notebooks\session_1\vsfm_matches_full\frame_0231.jpg
286.234100342
320 200
3.69198378461 -3.59940970351 -5.78770266618
-2.68768005164 0.00334242840041 -7.27051202124
-0.216345912747 2.21195077486 -0.625782294041
0.40441195802 -0.0856958606852 0.876166427361 -0.247875966819
-0.658214795722 0.0503214886029 0.751146926212
-0.350654531747 0.862427568537 -0.365047180084
-0.66618179555 -0.503672903339 -0.550016645657
0.000129321584666
0 0 0

00000058.jpg
C:\Users\Keane\Desktop\var\var_extensions\maze_pipeline\notebooks\session_1\vsfm_matches_full\frame_0233.jpg
286.146270752
320 200
3.14343399161 -3.86023846739 -6.21298682577
-2.84620048724 0.00545687082156 -7.43524331171
-0.190245354483 2.28557094327 -0.649675167509
0.369934802132 -0.0741485107205 0.890805886167 -0.253212207224
-0.715300930582 0.0552400399995 0.696631578735
-0.319447991108 0.860772088729 -0.396265218747
-0.621528818212 -0.505985677314 -0.598064126835
-0.00131578262772
0 0 0

00000059.jpg
C:\Users\Keane\Desktop\var\var_extensions\maze_pipeline\notebooks\session_1\vsfm_matches_full\frame_0234.jpg
285.890563965
320 200
2.97853693964 -3.91827995331 -6.31282422045
-2.87780223902 0.0014363296744 -7.46957743095
-0.181942274213 2.306293835 -0.656760191347
0.360086954586 -0.0705806658869 0.894678025267 -0.254776257106
-0.730712963143 0.0571897402599 0.680288347146
-0.309776685828 0.860216528649 -0.405052144741
-0.608359194667 -0.506712852868 -0.610853106055
-0.00130960185518
0 0 0

00000060.jpg
C:\Users\Keane\Desktop\var\var_extensions\maze_pipeline\notebooks\session_1\vsfm_matches_full\frame_0235.jpg
285.914764404
320 200
2.97902351852 -3.96575467681 -6.37901861699
-2.93557856096 0.00342288411719 -7.52834459922
-0.186239394271 2.30627598675 -0.657660812049
0.359825666034 -0.0722386246839 0.894559424857 -0.255093788062
-0.730614221005 0.0543359709945 0.680625717943
-0.312821197769 0.859418011081 -0.404405211112
-0.606916045483 -0.508378456073 -0.610905750328
-0.000459559618039
0 0 0

00000061.jpg
C:\Users\Keane\Desktop\var\var_extensions\maze_pipeline\notebooks\session_1\vsfm_matches_full\frame_0236.jpg
285.914367676
320 200
3.06092345833 -3.97015961048 -6.37698513087
-2.96272840369 -0.000617489929463 -7.55112841359
-0.195595993384 2.2959593456 -0.65593474703
0.364305591464 -0.0760301861355 0.892463150112 -0.254968622038
-0.723003350032 0.050063243124 0.68903014502
-0.321482735502 0.858422966623 -0.39970498195
-0.611487118027 -0.510497869667 -0.604545360702
0.000498454508615
0 0 0

00000062.jpg
C:\Users\Keane\Desktop\var\var_extensions\maze_pipeline\notebooks\session_1\vsfm_matches_full\frame_0237.jpg
286.081848145
320 200
3.21952801422 -3.96111073578 -6.33817089236
-2.98689682966 0.00133665958007 -7.57010396893
-0.201495975305 2.27500734623 -0.651077163212
0.374025488021 -0.0786858363437 0.888409088345 -0.25425098955
-0.707827016182 0.0503822208125 0.704587631896
-0.330003180972 0.85833025332 -0.392897904389
-0.624562939425 -0.510619937744 -0.590922974382
0.00216915412477
0 0 0

00000063.jpg
C:\Users\Keane\Desktop\var\var_extensions\maze_pipeline\notebooks\session_1\vsfm_matches_full\frame_0220.jpg
286.797393799
320 200
4.30243705837 -3.1862724652 -4.98671901196
-2.25183363 0.0101045419661 -6.96130634176
-0.229496903523 2.12279682282 -0.603695250699
0.445166657868 -0.0926157481594 0.856675680226 -0.243627196905
-0.586498773015 0.0582251940761 0.807854558071
-0.375593625972 0.864137940817 -0.334961036688
-0.717599239702 -0.499878808984 -0.48494575469
-0.00147971933581
0 0 0

00000064.jpg
C:\Users\Keane\Desktop\var\var_extensions\maze_pipeline\notebooks\session_1\vsfm_matches_full\frame_0240.jpg
286.315948486
320 200
4.23715199321 -3.7651493944 -5.91146889746
-3.04920983306 0.00100667867784 -7.60116029507
-0.244892688215 2.13853798217 -0.617253000989
0.436011823979 -0.0984200857883 0.859458455867 -0.24806822022
-0.600415018379 0.0471463069565 0.798297969888
-0.385496401721 0.857552793815 -0.340583094561
-0.700638226019 -0.512232379044 -0.496712532838
0.00172198667724
0 0 0

00000065.jpg
C:\Users\Keane\Desktop\var\var_extensions\maze_pipeline\notebooks\session_1\vsfm_matches_full\frame_0238.jpg
286.034423828
320 200
3.67595723276 -3.89173069135 -6.17560270301
-3.02415004976 -0.00184893297425 -7.59280934753
-0.225346062986 2.21520972933 -0.637109185982
0.401174492095 -0.0891268504527 0.876139851975 -0.251983701817
-0.662231091904 0.0460043298644 0.747886336065
-0.358353404506 0.857121894938 -0.37003444412
-0.658053504415 -0.513056119969 -0.551126910604
0.00200663540626
0 0 0

00000066.jpg
C:\Users\Keane\Desktop\var\var_extensions\maze_pipeline\notebooks\session_1\vsfm_matches_full\frame_0239.jpg
286.270263672
320 200
3.97809268298 -3.8314227083 -6.03710476441
-3.03771397113 -0.00217000494048 -7.59762304763
-0.237362885479 2.17420154967 -0.627677158195
0.419681036026 -0.0946853737952 0.867301077928 -0.25038390575
-0.629805417479 0.0459206679877 0.775395372176
-0.37440483989 0.856685817333 -0.354840835202
-0.680563887548 -0.513791458285 -0.522351711855
0.00310491387678
0 0 0

00000067.jpg
C:\Users\Keane\Desktop\var\var_extensions\maze_pipeline\notebooks\session_1\vsfm_matches_full\frame_0243.jpg
285.943054199
320 200
6.2982456156 -3.06331352096 -4.75064110107
-3.35891400344 0.0064400276894 -7.76775060794
-0.301719077883 1.83155330936 -0.518090466584
0.570573835274 -0.12857397295 0.780494515979 -0.220778049912
-0.315829337078 0.0512377764875 0.94743247341
-0.452642938243 0.86945246878 -0.197911286904
-0.833886524161 -0.491355066354 -0.251405125703
0.000438808912787
0 0 0

00000068.jpg
C:\Users\Keane\Desktop\var\var_extensions\maze_pipeline\notebooks\session_1\vsfm_matches_full\frame_0244.jpg
285.743133545
320 200
6.55074607252 -2.92204951781 -4.49126154721
-3.3675740225 0.00451603441344 -7.76412263328
-0.308855801328 1.78612570517 -0.505426197287
0.589069114362 -0.132630292827 0.767006396784 -0.21704246532
-0.27081509348 0.0522484967415 0.961212522617
-0.459163554559 0.870603883231 -0.176690998726
-0.846066592839 -0.489204635259 -0.211779103769
0.00112100614045
0 0 0

00000069.jpg
C:\Users\Keane\Desktop\var\var_extensions\maze_pipeline\notebooks\session_1\vsfm_matches_full\frame_0245.jpg
285.691375732
320 200
6.75386740173 -2.79417235318 -4.26398145303
-3.37436135253 0.00387139527333 -7.75997770443
-0.323221633233 1.74798509176 -0.496483924416
0.603571136315 -0.139629889463 0.755119521873 -0.214478204299
-0.232411674891 0.0480316400845 0.971432472095
-0.469779773849 0.869004629084 -0.155361448913
-0.851640919387 -0.492467733099 -0.179400487824
0.00130382096244
0 0 0

00000070.jpg
C:\Users\Keane\Desktop\var\var_extensions\maze_pipeline\notebooks\session_1\vsfm_matches_full\frame_0246.jpg
285.794219971
320 200
6.91236681586 -2.71203236603 -4.1044439337
-3.41701447825 0.00217584753528 -7.76571118298
-0.329604565016 1.71646795109 -0.488910083473
0.615749888977 -0.143096916223 0.745199844502 -0.212258969326
-0.200751822059 0.0481252389033 0.97846072723
-0.474668508284 0.868939419346 -0.140127864083
-0.856966158843 -0.492575505193 -0.151595894184
0.00159120235726
0 0 0

00000071.jpg
C:\Users\Keane\Desktop\var\var_extensions\maze_pipeline\notebooks\session_1\vsfm_matches_full\frame_0247.jpg
285.761169434
320 200
7.05514425404 -2.64285313041 -3.95313049641
-3.46476153213 0.00125969088067 -7.77061241666
-0.336916469336 1.68660321432 -0.483205052252
0.626878290911 -0.146932860352 0.735545623661 -0.210730869298
-0.170869174027 0.048053456329 0.984121368779
-0.48035697242 0.868006343163 -0.125786398625
-0.86026896501 -0.494222480129 -0.125231602675
0.00307685245881
0 0 0

00000072.jpg
C:\Users\Keane\Desktop\var\var_extensions\maze_pipeline\notebooks\session_1\vsfm_matches_full\frame_0248.jpg
285.598266602
320 200
7.08326441495 -2.66911843038 -3.92415394673
-3.49761637381 -2.7298046128e-005 -7.7757562371
-0.343308655563 1.67924446494 -0.488305066957
0.628565492968 -0.149822644114 0.732835720205 -0.213100238169
-0.164917876825 0.0483038182775 0.985123803923
-0.487486006747 0.864284479601 -0.123988324101
-0.857417179017 -0.500681700724 -0.118988286975
0.00304348833402
0 0 0

00000073.jpg
C:\Users\Keane\Desktop\var\var_extensions\maze_pipeline\notebooks\session_1\vsfm_matches_full\frame_0249.jpg
285.750640869
320 200
7.13720844405 -2.65817603752 -3.86976850668
-3.53149083021 -0.0023926581725 -7.778776588
-0.354646935722 1.66709748682 -0.490548170473
0.631898899011 -0.15497901879 0.728513647547 -0.214367209953
-0.153371100604 0.0451078535559 0.987138409866
-0.496725762257 0.860056273333 -0.116477362911
-0.854249477332 -0.508201648283 -0.109500298446
0.00369197310457
0 0 0

00000074.jpg
C:\Users\Keane\Desktop\var\var_extensions\maze_pipeline\notebooks\session_1\vsfm_matches_full\frame_0250.jpg
285.831604004
320 200
7.16958966156 -2.62094068498 -3.88284234085
-3.56916100897 0.00166382858875 -7.78522772275
-0.342612857149 1.66214816472 -0.478842626949
0.63585905193 -0.14995905658 0.727509681774 -0.209585796589
-0.146391448898 0.0483404396765 0.988046209714
-0.484727663993 0.867172201752 -0.114245441811
-0.862328256378 -0.495656735991 -0.103513817167
0.00427508335193
0 0 0

00000075.jpg
C:\Users\Keane\Desktop\var\var_extensions\maze_pipeline\notebooks\session_1\vsfm_matches_full\frame_0251.jpg
285.651153564
320 200
7.1156011179 -2.7458011348 -4.00911550728
-3.65604125196 0.00161298628034 -7.80241341498
-0.344607798252 1.67189577436 -0.489367964652
0.631041679417 -0.15053993472 0.73035805344 -0.213777580851
-0.158249510589 0.0499078425839 0.986136974312
-0.489702411984 0.863274944668 -0.122274534047
-0.857408516163 -0.502262426948 -0.112171029432
0.00450312633722
0 0 0

00000076.jpg
C:\Users\Keane\Desktop\var\var_extensions\maze_pipeline\notebooks\session_1\vsfm_matches_full\frame_0252.jpg
285.688293457
320 200
7.04549570492 -2.82053366179 -4.13823665479
-3.70288855563 -0.000841092401561 -7.81076613473
-0.344707045184 1.6856813525 -0.494446617983
0.625439752315 -0.150242997749 0.734716110935 -0.215508047052
-0.172504965825 0.0488016788347 0.983798668324
-0.490347519446 0.861967403162 -0.128739795897
-0.854283981456 -0.504611569095 -0.124762902234
0.00539930236694
0 0 0

00000077.jpg
C:\Users\Keane\Desktop\var\var_extensions\maze_pipeline\notebooks\session_1\vsfm_matches_full\frame_0253.jpg
285.777923584
320 200
